000000110
000001110
000011110
000011100
001111000
011111111
111101111
111001111
000001111
{'state': 'base', 'optimum': 6, 'witness': [(0, 2, 6, 7), (1, 3, 5, 6), (2, 5, 4, 5), (4, 6, 2, 3), (5, 5, 1, 8), (6, 7, 0, 2)]}
{'state': 'horizontal', 'optimum': 6, 'witness': [(0, 2, 6, 7), (1, 3, 5, 6), (2, 5, 4, 5), (4, 6, 2, 3), (5, 5, 1, 8), (6, 7, 0, 2)]}
{'state': 'vertical', 'optimum': 6, 'witness': [(0, 2, 6, 7), (1, 8, 5, 5), (2, 3, 4, 6), (4, 5, 2, 5), (5, 6, 1, 3), (6, 7, 0, 2)]}
{'state': 'both', 'optimum': 7, 'witness': [(0, 2, 6, 7), (1, 8, 5, 5), (2, 3, 4, 6), (2, 5, 4, 5), (4, 6, 2, 3), (5, 5, 1, 8), (6, 7, 0, 2)]}
